name: svi_models
channels:
  - conda-forge
  - defaults
dependencies:
  - asttokens=2.0.5=pyhd8ed1ab_0
  - backcall=0.2.0=pyh9f0ad1d_0
  - backports=1.0=py_2
  - backports.functools_lru_cache=1.6.4=pyhd8ed1ab_0
  - bzip2=1.0.8=h8ffe710_4
  - ca-certificates=2022.6.15=h5b45459_0
  - colorama=0.4.5=pyhd8ed1ab_0
  - cudatoolkit=11.2.2=h933977f_10
  - cudnn=8.1.0.77=h3e0f4f4_0
  - debugpy=1.6.0=py310h8a704f9_0
  - decorator=5.1.1=pyhd8ed1ab_0
  - entrypoints=0.4=pyhd8ed1ab_0
  - executing=0.9.1=pyhd8ed1ab_0
  - ipykernel=6.15.1=pyh025b116_0
  - ipython=8.4.0=py310h5588dad_0
  - jedi=0.18.1=pyhd8ed1ab_2
  - jupyter_client=7.3.4=pyhd8ed1ab_0
  - jupyter_core=4.11.1=py310h5588dad_0
  - libffi=3.4.2=h8ffe710_5
  - libsodium=1.0.18=h8d14728_1
  - libzlib=1.2.12=h8ffe710_2
  - matplotlib-inline=0.1.3=pyhd8ed1ab_0
  - nest-asyncio=1.5.5=pyhd8ed1ab_0
  - openssl=3.0.5=h8ffe710_1
  - packaging=21.3=pyhd8ed1ab_0
  - parso=0.8.3=pyhd8ed1ab_0
  - pickleshare=0.7.5=py_1003
  - pip=22.2.2=pyhd8ed1ab_0
  - prompt-toolkit=3.0.30=pyha770c72_0
  - psutil=5.9.1=py310he2412df_0
  - pure_eval=0.2.2=pyhd8ed1ab_0
  - pygments=2.12.0=pyhd8ed1ab_0
  - pyparsing=3.0.9=pyhd8ed1ab_0
  - python=3.10.5=hcf16a7b_0_cpython
  - python-dateutil=2.8.2=pyhd8ed1ab_0
  - python_abi=3.10=2_cp310
  - pywin32=303=py310he2412df_0
  - pyzmq=23.2.0=py310h73ada01_0
  - setuptools=63.4.2=py310h5588dad_0
  - six=1.16.0=pyh6c4a22f_0
  - sqlite=3.39.2=h8ffe710_0
  - stack_data=0.3.0=pyhd8ed1ab_0
  - tk=8.6.12=h8ffe710_0
  - tornado=6.2=py310he2412df_0
  - traitlets=5.3.0=pyhd8ed1ab_0
  - tzdata=2022a=h191b570_0
  - ucrt=10.0.20348.0=h57928b3_0
  - vc=14.2=hb210afc_6
  - vs2015_runtime=14.29.30037=h902a5da_6
  - wcwidth=0.2.5=pyh9f0ad1d_2
  - wheel=0.37.1=pyhd8ed1ab_0
  - xz=5.2.5=h62dcd97_1
  - zeromq=4.3.4=h0e60522_1
  - pip:
    - absl-py==1.2.0
    - astunparse==1.6.3
    - cachetools==5.2.0
    - certifi==2022.6.15
    - charset-normalizer==2.1.0
    - cycler==0.11.0
    - dill==0.3.5.1
    - etils==0.7.1
    - flatbuffers==2.0
    - fonttools==4.34.4
    - gast==0.5.3
    - google-auth==2.10.0
    - google-auth-oauthlib==0.4.6
    - google-pasta==0.2.0
    - googleapis-common-protos==1.56.4
    - grpcio==1.47.0
    - h5py==3.7.0
    - idna==3.3
    - importlib-resources==5.9.0
    - keras==2.8.0
    - keras-preprocessing==1.1.2
    - kiwisolver==1.4.4
    - libclang==14.0.6
    - markdown==3.4.1
    - markupsafe==2.1.1
    - matplotlib==3.5.2
    - numpy==1.23.1
    - oauthlib==3.2.0
    - opt-einsum==3.3.0
    - pandas==1.4.3
    - pillow==9.2.0
    - promise==2.3
    - protobuf==3.20.1
    - pyasn1==0.4.8
    - pyasn1-modules==0.2.8
    - pytz==2022.1
    - requests==2.28.1
    - requests-oauthlib==1.3.1
    - rsa==4.9
    - scipy==1.9.0
    - seaborn==0.11.2
    - tensorboard==2.8.0
    - tensorboard-data-server==0.6.1
    - tensorboard-plugin-wit==1.8.1
    - tensorflow==2.8.0
    - tensorflow-datasets==4.6.0
    - tensorflow-io-gcs-filesystem==0.26.0
    - tensorflow-metadata==1.9.0
    - termcolor==1.1.0
    - tf-estimator-nightly==2.8.0.dev2021122109
    - toml==0.10.2
    - tqdm==4.64.0
    - typing-extensions==4.3.0
    - urllib3==1.26.11
    - werkzeug==2.2.2
    - wrapt==1.14.1
    - zipp==3.8.1
